epoch,iteration,loss
1,2370,650.838
1,2400,418.376
1,2450,1614.114
1,2500,850.218
1,2550,790.234
1,2600,359.006
1,2650,402.399
1,2700,641.721
1,2750,426.526
1,2800,447.613
1,2850,774.961
1,2900,459.978
1,2950,10594.21
1,3000,757.711
1,3050,924.06
1,3100,404.882
1,3150,539.602
1,3200,359.481
1,3250,1042.118
1,3300,685.99
1,3350,202.764
1,3400,750.311
1,3450,774.325
1,3500,376.605
1,3550,1407.055
1,3600,5778.685
1,3650,1460.086
1,3700,539.453
1,3750,150.495
1,3800,513.061
1,3850,614.924
1,3900,1022.375
1,3950,470.709
1,4000,2714.856
1,4050,543.102
1,4100,1337.481
1,4150,801.836
1,4200,833.401
1,4250,772.978
1,4300,552.208
1,4350,262.754
1,4400,2786.833
1,4450,1089.84
1,4500,140.825
1,4550,270.736
1,4600,418.139
1,4650,149.446
1,4700,892.206
1,4750,463.669
1,4800,321.757
1,4850,1092.553
1,4900,173.559
1,4950,1140.859
1,5000,481.89
1,5050,688.198
1,5100,464.239
1,5150,938.108
1,5200,538.535
1,5250,509.612
1,5300,490.39
1,5350,308.292
1,5400,1500.614
1,5450,629.209
1,5500,754.291
1,5550,544.337
1,5600,3680.671
1,5650,272.465
1,5700,450.563
1,5750,578.676
1,5800,308.426
1,5850,635.234
1,5900,446.056
1,5950,736.971
1,6000,729.006
1,6050,574.65
1,6100,384.51
1,6150,2743.632
1,6200,352.807
1,6250,483.089
1,6300,518.47
1,6350,888.935
1,6400,588.535
1,6450,691.821
1,6500,734.434
1,6550,503.695
1,6600,712.523
1,6650,1977.472
1,6700,415.671
1,6750,998.922
1,6800,282.737
1,6850,7084.471
1,6900,216.089
1,6950,2641.26
1,7000,290.578
1,7050,264.546
1,7100,501.326
1,7150,938.216
1,7200,396.252
1,7250,240.163
1,7300,433.339
2,9680,803.644
2,9700,699.534
2,9750,870.438
2,9800,149.481
2,9850,275.717
2,9900,201.954
2,9950,309.545
2,10000,313.686
2,10050,206.303
2,10100,353.939
2,10150,209.643
2,10200,426.114
2,10250,1060.911
2,10300,847.343
2,10350,662.932
2,10400,333.748
2,10450,306.504
2,10500,520.484
2,10550,22.149
2,10600,649.022
2,10650,312.79
2,10700,610.341
2,10750,833.791
2,10800,299.13
2,10850,876.474
2,10900,365.973
2,10950,462.362
2,11000,375.095
2,11050,109999.57
2,11100,413.534
2,11150,437.867
2,11200,1248.814
2,11250,291.992
2,11300,541.516
2,11350,441.576
2,11400,94.765
2,11450,242.61
2,11500,535.903
2,11550,557.759
2,11600,729.524
2,11650,63.72
2,11700,513.732
2,11750,1910.497
2,11800,76.905
2,11850,451.26
2,11900,38.937
2,11950,532.491
2,12000,15455.387
2,12050,516.357
2,12100,1151.708
2,12150,578.135
2,12200,901.213
2,12250,781.11
2,12300,676.492
2,12350,454.339
2,12400,292.96
2,12450,560.414
2,12500,178.907
2,12550,192.944
2,12600,401.155
2,12650,127.869
2,12700,806.377
2,12750,249.762
2,12800,777.264
2,12850,192.476
2,12900,292.155
2,12950,284.051
2,13000,603.881
2,13050,647.338
2,13100,360.161
2,13150,634.784
2,13200,578.157
2,13250,413.935
2,13300,309.524
2,13350,846.528
2,13400,119.977
2,13450,377.653
2,13500,940.268
2,13550,256.038
2,13600,252.276
2,13650,386.5
2,13700,519.781
2,13750,833.5
2,13800,356.657
2,13850,372.124
2,13900,974.515
2,13950,355.691
2,14000,413.003
2,14050,443.538
2,14100,1641.371
2,14150,359.942
2,14200,614.281
2,14250,281.645
2,14300,240.858
2,14350,484.261
2,14400,867.96
2,14450,88.751
2,14500,697.399
2,14550,163.229
2,14600,583.525
3,19359,412.1
3,19400,-45.217
3,19450,357.989
3,19500,555.066
3,19550,159.551
3,19600,335.771
3,19650,269.052
3,19700,70.384
3,19750,600.303
3,19800,865.547
3,19850,403.865
3,19900,672.253
3,19950,449.81
3,20000,413.783
3,20050,605.706
3,20100,216.241
3,20150,359.1
3,20200,1446.631
3,20250,216.161
3,20300,330.162
3,20350,327.661
3,20400,360.298
3,20450,565.443
3,20500,617.079
3,20550,489.206
3,20600,641.08
3,20650,354.611
3,20700,325.795
3,20750,599.088
3,20800,601.59
3,20850,3212.831
3,20900,1067.14
3,20950,153.803
3,21000,384.22
3,21050,330.016
3,21100,298.81
3,21150,1039.149
3,21200,739.828
3,21250,364.721
3,21300,41.938
3,21350,100.927
3,21400,654.599
3,21450,1370.948
3,21500,517.647
3,21550,389.926
3,21600,401.574
3,21650,148.421
3,21700,338.552
3,21750,1320.008
3,21800,62.98
3,21850,579.052
3,21900,292.229
3,21950,425.214
3,22000,-11.071
3,22050,232.676
3,22100,460.618
3,22150,784.122
3,22200,492.982
3,22250,-17.129
3,22300,815.92
3,22350,480.665
3,22400,1564.963
3,22450,718.814
3,22500,123.747
3,22550,673.299
3,22600,182.634
3,22650,-99.011
3,22700,154.843
3,22750,-41.114
3,22800,409.837
3,22850,348.476
3,22900,-5.031
3,22950,348.777
3,23000,235.87
3,23050,260.928
3,23100,237.856
3,23150,609.476
3,23200,351.275
3,23250,1482.832
3,23300,349.965
3,23350,2.867
3,23400,478.25
3,23450,270.197
3,23500,305.272
3,23550,128.225
3,23600,325.84
3,23650,-25.069
3,23700,621.16
3,23750,465.532
3,23800,1109.576
3,23850,232.751
3,23900,369.128
3,23950,524.102
3,24000,156.493
3,24050,501.772
3,24100,148.182
3,24150,333.515
3,24200,281.484
3,24250,36552.609
3,24300,365.364
4,29038,1266.143
4,29050,55.445
4,29100,5391.758
4,29150,372.64
4,29200,182.074
4,29250,423.345
4,29300,900.71
4,29350,211.911
4,29400,249.196
4,29450,382.805
4,29500,979.236
4,29550,2.168
4,29600,627.758
4,29650,437.214
4,29700,12.212
4,29750,148.271
4,29800,119.232
4,29850,736.054
4,29900,3070.729
4,29950,353.641
4,30000,2342.553
4,30050,698.896
4,30100,684.544
4,30150,476.382
4,30200,532.394
4,30250,633.305
4,30300,594.358
4,30350,86.041
4,30400,247.756
4,30450,554.614
4,30500,615.133
4,30550,508.513
4,30600,267.637
4,30650,65.452
4,30700,523.793
4,30750,182.698
4,30800,268.342
4,30850,305.08
4,30900,649.342
4,30950,409.74
4,31000,783.767
4,31050,512.473
4,31100,45.188
4,31150,233.545
4,31200,265.483
4,31250,-35.17
4,31300,790.486
4,31350,1858.785
4,31400,230.6
4,31450,331.523
4,31500,193.532
4,31550,4504.182
4,31600,776.883
4,31650,431.674
4,31700,447.882
4,31750,337.137
4,31800,223.115
4,31850,628.264
4,31900,333.09
4,31950,347.976
4,32000,276.724
4,32050,143.979
4,32100,439.817
4,32150,309.24
4,32200,231.87
4,32250,322.268
4,32300,483.964
4,32350,220.468
4,32400,-14.21
4,32450,394.692
4,32500,430.117
4,32550,384.755
4,32600,-12.631
4,32650,2419.004
4,32700,337.832
4,32750,20.536
4,32800,469.2
4,32850,191.456
4,32900,225.392
4,32950,236.801
4,33000,217.686
4,33050,73.329
4,33100,74.235
4,33150,514.455
4,33200,112.796
4,33250,34.204
4,33300,396.87
4,33350,302.202
4,33400,434.233
4,33450,402.27
4,33500,283.706
4,33550,426.106
4,33600,1008.932
4,33650,419.054
4,33700,699.037
4,33750,274.981
4,33800,331.151
4,33850,548.038
4,33900,447.121
4,33950,532.194
5,38717,293.736
5,38750,377.679
5,38800,554.82
5,38850,186.539
5,38900,235.882
5,38950,315.918
5,39000,717.666
5,39050,643.729
5,39100,284.145
5,39150,735.703
5,39200,1000.084
5,39250,515.132
5,39300,1422.953
5,39350,225.004
5,39400,263.013
5,39450,625.44
5,39500,432.536
5,39550,113454.273
5,39600,374.987
5,39650,591.142
5,39700,421.658
5,39750,161.725
5,39800,303.113
5,39850,452.973
5,39900,311.019
5,39950,286.813
5,40000,-4.501
5,40050,1374.562
5,40100,374.295
5,40150,374.544
5,40200,1563.222
5,40250,24.957
5,40300,171.564
5,40350,279.338
5,40400,849.913
5,40450,174.574
5,40500,666.414
5,40550,333.124
5,40600,321.679
5,40650,179.12
5,40700,337.19
5,40750,591.014
5,40800,467.315
5,40850,312.898
5,40900,487.695
5,40950,327.893
5,41000,650.097
5,41050,130.099
5,41100,735.231
5,41150,118.799
5,41200,462.556
5,41250,173.404
5,41300,500.74
5,41350,230.002
5,41400,2008.357
5,41450,196.589
5,41500,324.505
5,41550,354.445
5,41600,1711.074
5,41650,246.492
5,41700,176.62
5,41750,352.164
5,41800,178.503
5,41850,2364.5
5,41900,207.461
5,41950,26.214
5,42000,347.884
5,42050,30.072
5,42100,315.926
5,42150,18.61
5,42200,562.529
5,42250,340.298
5,42300,227.162
5,42350,1222.928
5,42400,41.429
5,42450,373.419
5,42500,204.56
5,42550,254.883
5,42600,45.288
5,42650,215.218
5,42700,12.157
5,42750,343.974
5,42800,200.234
5,42850,268.293
5,42900,663.558
5,42950,369.245
5,43000,138.552
5,43050,247.996
5,43100,598.443
5,43150,300.226
5,43200,294.31
5,43250,307.69
5,43300,41.725
5,43350,4487.042
5,43400,259.377
5,43450,453.191
5,43500,623.49
5,43550,332.204
5,43600,284.788
5,43650,537.485
6,48396,266.604
6,48400,267.474
6,48450,280.944
6,48500,403.403
6,48550,218.076
6,48600,349.76
6,48650,378.914
6,48700,643.429
6,48750,263.279
6,48800,506.27
6,48850,874.124
6,48900,58.693
6,48950,439.57
6,49000,189.608
6,49050,1170.95
6,49100,-38.191
6,49150,644.961
6,49200,326.805
6,49250,-21.668
6,49300,-95.878
6,49350,193.96
6,49400,405.612
6,49450,262.201
6,49500,490.791
6,49550,704.568
6,49600,190.185
6,49650,649.714
6,49700,480.733
6,49750,6528.06
6,49800,192.709
6,49850,56.151
6,49900,349.599
6,49950,479.325
6,50000,180.268
6,50050,241.402
6,50100,96.089
6,50150,42.354
6,50200,274.728
6,50250,355.505
6,50300,699.111
6,50350,284.403
6,50400,499.156
6,50450,703.809
6,50500,261.458
6,50550,364.415
6,50600,357.372
6,50650,373.803
6,50700,239.362
6,50750,412.729
6,50800,928.923
6,50850,333.042
6,50900,153.87
6,50950,243.91
6,51000,1283.422
6,51050,39.947
6,51100,626.912
6,51150,104.969
6,51200,463.142
6,51250,157.254
6,51300,296.745
6,51350,289.848
6,51400,161.454
6,51450,346.489
6,51500,258.139
6,51550,33.453
6,51600,364.696
6,51650,415.663
6,51700,326.155
6,51750,444.294
6,51800,200.924
6,51850,369.646
6,51900,524.586
6,51950,323.106
6,52000,100.703
6,52050,545.983
6,52100,600.376
6,52150,294.773
6,52200,660.962
6,52250,433.799
6,52300,200.673
6,52350,428.837
6,52400,190.781
6,52450,216.015
6,52500,267.438
6,52550,70.147
6,52600,5299.256
6,52650,-21.705
6,52700,153.135
6,52750,345.634
6,52800,134.592
6,52850,118.887
6,52900,-73.026
6,52950,20.899
6,53000,137.03
6,53050,351.614
6,53100,-7.141
6,53150,307.494
6,53200,269.745
6,53250,125.0
6,53300,176.55
7,58075,458.519
7,58100,371.206
7,58150,123.634
7,58200,-102.72
7,58250,301.898
7,58300,153.212
7,58350,537.704
7,58400,294.101
7,58450,865.286
7,58500,663.886
7,58550,103.31
7,58600,411.739
7,58650,192.754
7,58700,74.115
7,58750,-20.891
7,58800,235.186
7,58850,258.868
7,58900,267.611
7,58950,338.709
7,59000,421.301
7,59050,1126.839
7,59100,372.036
7,59150,648.241
7,59200,205.761
7,59250,521.988
7,59300,523.162
7,59350,217.553
7,59400,349.267
7,59450,535.021
7,59500,147.352
7,59550,430.654
7,59600,235.601
7,59650,320.308
7,59700,14.26
7,59750,290.329
7,59800,326.186
7,59850,137.322
7,59900,117.81
7,59950,174.138
7,60000,-78.86
7,60050,158.379
7,60100,944.017
7,60150,91.93
7,60200,123.376
7,60250,350.103
7,60300,34.663
7,60350,-0.951
7,60400,5595.688
7,60450,73.701
7,60500,147.31
7,60550,257.209
7,60600,302.121
7,60650,291.169
7,60700,229.262
7,60750,420.756
7,60800,213.486
7,60850,388.291
7,60900,193.176
7,60950,381.17
7,61000,432.421
7,61050,193.651
7,61100,-20.178
7,61150,99.601
7,61200,8.51
7,61250,474.015
7,61300,241.627
7,61350,452.537
7,61400,288.589
7,61450,181.118
7,61500,760.397
7,61550,1136.695
7,61600,-72.879
7,61650,254.682
7,61700,458.217
7,61750,94.83
7,61800,463.001
7,61850,-17.409
7,61900,476.871
7,61950,318.05
7,62000,126.078
7,62050,-15.714
7,62100,74.248
7,62150,34.314
7,62200,542.28
7,62250,258.467
7,62300,64.445
7,62350,267.597
7,62400,236.95
7,62450,154.433
7,62500,371.333
7,62550,344.084
7,62600,-143.062
7,62650,240.569
7,62700,-31.332
7,62750,50.555
7,62800,-7.291
7,62850,309.936
7,62900,231.41
7,62950,2708.641
7,63000,381.158
8,67754,173.639
8,67800,300.734
8,67850,114.91
8,67900,354.863
8,67950,370.821
8,68000,478.42
8,68050,83.475
8,68100,259.092
8,68150,150.554
8,68200,218.6
8,68250,526.971
8,68300,490.684
8,68350,302.637
8,68400,503.529
8,68450,17.017
8,68500,118.574
8,68550,339.572
8,68600,346.099
8,68650,377.213
8,68700,327.876
8,68750,244.341
8,68800,-96.187
8,68850,335.234
8,68900,528.727
8,68950,29.161
8,69000,282.993
8,69050,16250.543
8,69100,703.354
8,69150,33192.293
8,69200,388.718
8,69250,351.767
8,69300,459.801
8,69350,344.849
8,69400,126.347
8,69450,141.818
8,69500,373.573
8,69550,397.263
8,69600,93.514
8,69650,354.815
8,69700,471.142
8,69750,-129.611
8,69800,827.894
8,69850,272.343
8,69900,1071.905
8,69950,-29.174
8,70000,822.216
8,70050,343.482
8,70100,571.975
8,70150,500.673
8,70200,539.884
8,70250,215.958
8,70300,-153.504
8,70350,199.017
8,70400,185.282
8,70450,40.627
8,70500,1109.747
8,70550,520.972
8,70600,308.42
8,70650,323.624
8,70700,28.245
8,70750,216.179
8,70800,155.179
8,70850,299.544
8,70900,315.854
8,70950,496.595
8,71000,1534.457
8,71050,607.553
8,71100,56.278
8,71150,14.388
8,71200,1620.386
8,71250,302.069
8,71300,16.583
8,71350,691.407
8,71400,348.353
8,71450,356.595
8,71500,321.535
8,71550,305.102
8,71600,140.895
8,71650,12.221
8,71700,329.388
8,71750,147.392
8,71800,-23.757
8,71850,496.975
8,71900,402.261
8,71950,225.292
8,72000,-159.456
8,72050,2.949
8,72100,246.131
8,72150,379.128
8,72200,329.273
8,72250,187.733
8,72300,290.385
8,72350,1637.681
8,72400,462.889
8,72450,569.616
8,72500,252.987
8,72550,403.966
8,72600,50.592
8,72650,69.403
8,72700,60.716
9,77433,310.929
9,77450,307.277
9,77500,1432.997
9,77550,301.587
9,77600,266.008
9,77650,189.087
9,77700,879.409
9,77750,1008.116
9,77800,105.708
9,77850,260.214
9,77900,378.394
9,77950,24.787
9,78000,1763.157
9,78050,390.049
9,78100,28.414
9,78150,383.547
9,78200,55.829
9,78250,266.577
9,78300,383.575
9,78350,390.348
9,78400,273.855
9,78450,383.155
9,78500,296.619
9,78550,274.312
9,78600,589.106
9,78650,299.859
9,78700,138.184
9,78750,86.712
9,78800,630.243
9,78850,274.19
9,78900,936.461
9,78950,1478.816
9,79000,478.672
9,79050,233.688
9,79100,1949.824
9,79150,842.279
9,79200,208.504
9,79250,277.895
9,79300,278.551
9,79350,91.714
9,79400,156.83
9,79450,-33.253
9,79500,215.543
9,79550,206.057
9,79600,569.945
9,79650,5271.536
9,79700,570.986
9,79750,609.601
9,79800,599.582
9,79850,250.001
9,79900,104.122
9,79950,348.932
9,80000,557.641
9,80050,241.909
9,80100,82.819
9,80150,205.765
9,80200,461.081
9,80250,448.396
9,80300,-43.622
9,80350,384.672
9,80400,637.442
9,80450,131.556
9,80500,146.425
9,80550,463.72
9,80600,1172.235
9,80650,1245.84
9,80700,78.593
9,80750,247.721
9,80800,-68.272
9,80850,302.526
9,80900,134.375
9,80950,46.056
9,81000,130.653
9,81050,671.584
9,81100,70.584
9,81150,264.38
9,81200,124.519
9,81250,371.101
9,81300,1004.429
9,81350,-15.634
9,81400,72.945
9,81450,358.728
9,81500,216.857
9,81550,306.271
9,81600,680.971
9,81650,587.826
9,81700,56.347
9,81750,-13.572
9,81800,17.593
9,81850,345.74
9,81900,341.471
9,81950,-78.119
9,82000,72.294
9,82050,204.819
9,82100,950.859
9,82150,353.166
9,82200,328.623
9,82250,9.164
9,82300,828.0
9,82350,246.201
10,87112,304.788
10,87150,-3.926
10,87200,376.647
10,87250,249.593
10,87300,416.475
10,87350,2955.177
10,87400,486.257
10,87450,888.807
10,87500,323.118
10,87550,482.992
10,87600,869.058
10,87650,3219.0
10,87700,138.87
10,87750,108.87
10,87800,269.467
10,87850,844.372
10,87900,533.985
10,87950,331.919
10,88000,33.049
10,88050,230.43
10,88100,324.767
10,88150,298.067
10,88200,193.963
10,88250,312.31
10,88300,42.571
10,88350,202.285
10,88400,4.055
10,88450,157.832
10,88500,690.869
10,88550,333.767
10,88600,361.636
10,88650,296.082
10,88700,531.341
10,88750,250.629
10,88800,187.831
10,88850,194.78
10,88900,190.129
10,88950,339.95
10,89000,410.261
10,89050,687.969
10,89100,262.512
10,89150,208.224
10,89200,80.126
10,89250,158.416
10,89300,849.048
10,89350,-91.524
10,89400,179.097
10,89450,795.415
10,89500,409.315
10,89550,2.237
10,89600,645.793
10,89650,214.929
10,89700,378.217
10,89750,14.282
10,89800,218.028
10,89850,280.542
10,89900,256.792
10,89950,307.651
10,90000,426.175
10,90050,268.953
10,90100,277.419
10,90150,401.96
10,90200,1084.131
10,90250,323.418
10,90300,282.501
10,90350,61.457
10,90400,283.749
10,90450,-5.327
10,90500,189.728
10,90550,359.75
10,90600,466.015
10,90650,336.931
10,90700,114.13
10,90750,137.867
10,90800,459.313
10,90850,161.331
10,90900,105.69
10,90950,229.723
10,91000,251.53
10,91050,125.434
10,91100,-13.243
10,91150,14.178
10,91200,658.51
10,91250,203.843
10,91300,9.868
10,91350,358.239
10,91400,37.531
10,91450,337.236
10,91500,196.84
10,91550,118.161
10,91600,288.075
10,91650,242.281
10,91700,251.477
10,91750,456.135
10,91800,266.691
10,91850,364.737
10,91900,32.334
10,91950,123.33
10,92000,23.498
10,92050,279.358
11,96791,644.793
11,96800,336.422
11,96850,273.081
11,96900,435.228
11,96950,214.828
11,97000,280.927
11,97050,208.386
11,97100,87.465
11,97150,1141.194
11,97200,348.08
11,97250,-35.593
11,97300,231.084
11,97350,212.058
11,97400,313.906
11,97450,322.352
11,97500,499.603
11,97550,223.251
11,97600,-10.408
11,97650,252.351
11,97700,223.738
11,97750,-141.022
11,97800,199.358
11,97850,67.95
11,97900,92.6
11,97950,991.745
11,98000,254.984
11,98050,935.887
11,98100,136.789
11,98150,258.116
11,98200,223.308
11,98250,45.955
11,98300,94.466
11,98350,1372.116
11,98400,240.143
11,98450,249.435
11,98500,302.351
11,98550,504.093
11,98600,504.069
11,98650,403.008
11,98700,27.34
11,98750,292.282
11,98800,133.541
11,98850,80.294
11,98900,394.841
11,98950,155.79
11,99000,90.246
11,99050,595.37
11,99100,-63.772
11,99150,382.996
11,99200,252.826
11,99250,706.495
11,99300,587.728
11,99350,688.374
11,99400,585.493
11,99450,-21.973
11,99500,190.873
11,99550,212.779
11,99600,130.08
11,99650,1241.884
11,99700,277.505
11,99750,50.342
11,99800,703.936
11,99850,507.915
11,99900,197.477
11,99950,-38.012
11,100000,58.284
11,100050,576.967
11,100100,146.333
11,100150,334.245
11,100200,231.529
11,100250,76.316
11,100300,247.438
11,100350,412.991
11,100400,-28.816
11,100450,174.313
11,100500,-111.426
11,100550,-25.992
11,100600,238.133
11,100650,-15.129
11,100700,79.515
11,100750,601.077
11,100800,313.397
11,100850,-100.81
11,100900,28.702
11,100950,129.576
11,101000,279.355
11,101050,4546.254
11,101100,362.903
11,101150,206.53
11,101200,195.462
11,101250,264.586
11,101300,854.836
11,101350,159.006
11,101400,465.43
11,101450,144.749
11,101500,441.116
11,101550,-51.22
11,101600,354.434
11,101650,246.069
11,101700,660.435
12,106470,320.588
12,106500,327.654
12,106550,285.22
12,106600,-162.341
12,106650,45.726
12,106700,164.588
12,106750,879.514
12,106800,-154.347
12,106850,87.377
12,106900,189.092
12,106950,134.414
12,107000,572.912
12,107050,331.541
12,107100,447.458
12,107150,42.274
12,107200,313.675
12,107250,310.437
12,107300,382.106
12,107350,303.101
12,107400,266.66
12,107450,222.353
12,107500,-30.066
12,107550,328.6
12,107600,304.556
12,107650,-135.694
12,107700,1010.831
12,107750,52.891
12,107800,421.367
12,107850,124.08
12,107900,381.192
12,107950,115.651
12,108000,224.536
12,108050,159.81
12,108100,288.729
12,108150,118.031
12,108200,342.644
12,108250,205.592
12,108300,277.031
12,108350,23.712
12,108400,-24.086
12,108450,480.226
12,108500,435.854
12,108550,214.984
12,108600,0.271
12,108650,260.727
12,108700,592.328
12,108750,196.379
12,108800,305.688
12,108850,849.552
12,108900,235.286
12,108950,155.703
12,109000,92.027
12,109050,303.001
12,109100,341.637
12,109150,232.793
12,109200,541.999
12,109250,110.642
12,109300,-56.846
12,109350,32.87
12,109400,9.179
12,109450,279.746
12,109500,105.851
12,109550,246.486
12,109600,-34.231
12,109650,-13.082
12,109700,381.852
12,109750,403.366
12,109800,257.016
12,109850,609.646
12,109900,258.49
12,109950,457.262
12,110000,-7.242
12,110050,140.325
12,110100,92.541
12,110150,239.095
12,110200,136.395
12,110250,469.504
12,110300,476.229
12,110350,347.424
12,110400,174.005
12,110450,171.274
12,110500,449.631
12,110550,1326.721
12,110600,159.682
12,110650,-38.606
12,110700,250.152
12,110750,140.824
12,110800,39.648
12,110850,256.37
12,110900,140.466
12,110950,53.556
12,111000,-51.856
12,111050,2617.784
12,111100,711.569
12,111150,357.003
12,111200,200.213
12,111250,213.628
12,111300,660.466
12,111350,183.271
12,111400,313.049
13,116149,-46.733
13,116150,350.416
13,116200,163.479
13,116250,397.419
13,116300,295.819
13,116350,759.837
13,116400,489.01
13,116450,20.953
13,116500,214.309
13,116550,150.357
13,116600,188.168
13,116650,1445.315
13,116700,115.939
13,116750,136.638
13,116800,213.414
13,116850,299.141
13,116900,-102.008
13,116950,1425.679
13,117000,496.195
13,117050,2178.019
13,117100,36.494
13,117150,4454.229
13,117200,201.007
13,117250,439.725
13,117300,437.817
13,117350,455.492
13,117400,686.722
13,117450,415.277
13,117500,196.529
13,117550,33.795
13,117600,191.234
13,117650,345.962
13,117700,61.559
13,117750,511.418
13,117800,239.094
13,117850,176.06
13,117900,483.67
13,117950,262.639
13,118000,348.57
13,118050,-15.806
13,118100,1932.15
13,118150,-17.442
13,118200,165.078
13,118250,810.039
13,118300,130.96
13,118350,246.071
13,118400,468.989
13,118450,242.879
13,118500,94.295
13,118550,274.13
13,118600,540.339
13,118650,146.837
13,118700,888.035
13,118750,306.771
13,118800,949.648
13,118850,137.101
13,118900,14.672
13,118950,24.161
13,119000,198.215
13,119050,91.557
13,119100,316.144
13,119150,1.817
13,119200,21.896
13,119250,243.211
13,119300,73.31
13,119350,353.458
13,119400,94.779
13,119450,30.087
13,119500,250.705
13,119550,390.544
13,119600,212.381
13,119650,562.773
13,119700,428.553
13,119750,281.879
13,119800,289.296
13,119850,-91.866
13,119900,198.738
13,119950,479.739
13,120000,235.071
13,120050,461.357
13,120100,868.417
13,120150,910.307
13,120200,-13.767
13,120250,384.176
13,120300,452.317
13,120350,107.792
13,120400,241.29
13,120450,195.772
13,120500,99.674
13,120550,301.053
13,120600,8.655
13,120650,307.738
13,120700,488.857
13,120750,387.486
13,120800,635.189
13,120850,359.545
13,120900,364.376
13,120950,202.891
13,121000,203.059
13,121050,761.456
14,125828,237.069
14,125850,205.267
14,125900,0.685
14,125950,373.692
14,126000,-45.294
14,126050,180.868
14,126100,256.114
14,126150,293.928
14,126200,127.333
14,126250,121.34
14,126300,-53.715
14,126350,25.19
14,126400,169.571
14,126450,276.936
14,126500,-28.31
14,126550,445.729
14,126600,294.657
14,126650,286.353
14,126700,17.941
14,126750,129.81
14,126800,440.547
14,126850,27.219
14,126900,705.904
14,126950,483.691
14,127000,257.972
14,127050,711.481
14,127100,69.749
14,127150,347.635
14,127200,552.703
14,127250,218.64
14,127300,223.913
14,127350,157.227
14,127400,264.536
14,127450,330.043
14,127500,1105.997
14,127550,4.529
14,127600,250.301
14,127650,292.753
14,127700,311.299
14,127750,366.157
14,127800,273.683
14,127850,339.21
14,127900,-20.365
14,127950,175.013
14,128000,16.43
14,128050,50.939
14,128100,280.646
14,128150,494.844
14,128200,30.573
14,128250,632.383
14,128300,182.609
14,128350,-56.477
14,128400,-8.12
14,128450,258.069
14,128500,-58.023
14,128550,137.503
14,128600,-132.346
14,128650,134.847
14,128700,506.74
14,128750,313.342
14,128800,61.821
14,128850,-41.916
14,128900,-54.361
14,128950,608.61
14,129000,-77.274
14,129050,859.309
14,129100,247.025
14,129150,4.346
14,129200,1283.278
14,129250,79.947
14,129300,-50.041
14,129350,352.465
14,129400,294.39
14,129450,163.411
14,129500,50.283
14,129550,382.439
14,129600,486.47
14,129650,549.657
14,129700,2728.195
14,129750,481.077
14,129800,208.206
14,129850,699.349
14,129900,226.884
14,129950,276.136
14,130000,171.874
14,130050,809.867
14,130100,146.717
14,130150,2755.321
14,130200,251.755
14,130250,106.937
14,130300,301.114
14,130350,152.924
14,130400,140.234
14,130450,169.497
14,130500,439.6
14,130550,126.584
14,130600,342.111
14,130650,332.072
14,130700,92.058
14,130750,161.348
15,135507,299.385
15,135550,317.613
15,135600,276.361
15,135650,266.076
15,135700,230.367
15,135750,206.673
15,135800,582.58
15,135850,329.644
15,135900,201.59
15,135950,155.179
15,136000,355.004
15,136050,-98.663
15,136100,-18.927
15,136150,758.498
15,136200,-45.556
15,136250,-89.867
15,136300,379.024
15,136350,540.96
15,136400,245.676
15,136450,190.461
15,136500,207.719
15,136550,242.596
15,136600,212.098
15,136650,6.784
15,136700,401.287
15,136750,351.012
15,136800,214.452
15,136850,-51.638
15,136900,223.02
15,136950,506.085
15,137000,-102.364
15,137050,500.357
15,137100,389.379
15,137150,67.977
15,137200,16.55
15,137250,399.354
15,137300,150.321
15,137350,403.043
15,137400,84.975
15,137450,182.834
15,137500,130.212
15,137550,107.1
15,137600,225.3
15,137650,135.333
15,137700,309.406
15,137750,127.938
15,137800,33.89
15,137850,951.713
15,137900,236.203
15,137950,439.537
15,138000,197.272
15,138050,133.021
15,138100,554.006
15,138150,549.631
15,138200,193.328
15,138250,340.446
15,138300,-34.271
15,138350,264.344
15,138400,942.515
15,138450,-74.03
15,138500,165.526
15,138550,110.485
15,138600,166.775
15,138650,444.664
15,138700,-61.485
15,138750,95.674
15,138800,114.679
15,138850,-45.817
15,138900,1058.884
15,138950,215.434
15,139000,-128.541
15,139050,275.244
15,139100,41.397
15,139150,162.498
15,139200,386.644
15,139250,256.75
15,139300,571.48
15,139350,140.803
15,139400,239.242
15,139450,913.462
15,139500,234.044
15,139550,217.061
15,139600,186.898
15,139650,333.18
15,139700,340.127
15,139750,135.015
15,139800,287.276
15,139850,0.369
15,139900,-85.332
15,139950,80.163
15,140000,158.926
15,140050,355.738
15,140100,189.909
15,140150,1249.79
15,140200,232.104
15,140250,171.086
15,140300,259.632
15,140350,4.375
15,140400,12.612
15,140450,172.019
16,145186,410.961
16,145200,263.359
16,145250,327.549
16,145300,94.631
16,145350,-34.316
16,145400,447.966
16,145450,439.583
16,145500,461.792
16,145550,136.019
16,145600,6.979
16,145650,396.7
16,145700,115.933
16,145750,276.646
16,145800,90.628
16,145850,236.435
16,145900,187.335
16,145950,-79.324
16,146000,106.354
16,146050,190.335
16,146100,200.99
16,146150,245.661
16,146200,200.309
16,146250,476.06
16,146300,846.827
16,146350,160.096
16,146400,252.854
16,146450,146.858
16,146500,110.924
16,146550,199.393
16,146600,233.801
16,146650,-86.235
16,146700,117.22
16,146750,152.582
16,146800,451.138
16,146850,172.744
16,146900,179.094
16,146950,330.755
16,147000,521.234
16,147050,46.361
16,147100,119.559
16,147150,261.447
16,147200,196.672
16,147250,185.0
16,147300,145.122
16,147350,202.399
16,147400,349.781
16,147450,-110.847
16,147500,495.079
16,147550,348.711
16,147600,277.223
16,147650,239.912
16,147700,205.406
16,147750,104.618
16,147800,280.528
16,147850,62.288
16,147900,309.767
16,147950,170.799
16,148000,444.844
16,148050,128.322
16,148100,98.033
16,148150,366.468
16,148200,286.27
16,148250,518.489
16,148300,508.127
16,148350,226.277
16,148400,359.932
16,148450,103.615
16,148500,1086.813
16,148550,449.761
16,148600,285.933
16,148650,358.43
16,148700,111.264
16,148750,-31.9
16,148800,-32.817
16,148850,214.242
16,148900,86.817
16,148950,216.155
16,149000,340.3
16,149050,280.074
16,149100,197.669
16,149150,243.974
16,149200,163.311
16,149250,288.656
16,149300,313.713
16,149350,211.232
16,149400,375.454
16,149450,140.429
16,149500,-58.132
16,149550,300.677
16,149600,290.737
16,149650,89.138
16,149700,176.537
16,149750,196.19
16,149800,291.458
16,149850,110.805
16,149900,-109.235
16,149950,204.818
16,150000,-153.224
16,150050,171.482
16,150100,368.858
17,154865,185.313
17,154900,290.481
17,154950,87.33
17,155000,-144.545
17,155050,252.422
17,155100,171.5
17,155150,776.282
17,155200,269.585
17,155250,35.245
17,155300,240.061
17,155350,8.712
17,155400,-215.833
17,155450,2183.376
17,155500,-81.743
17,155550,254.081
17,155600,7776.483
17,155650,252.283
17,155700,248.294
17,155750,173.947
17,155800,-171.303
17,155850,478.115
17,155900,-60.024
17,155950,27.827
17,156000,660.479
17,156050,258.161
17,156100,1536.751
17,156150,11.664
17,156200,-4.114
17,156250,1111.602
17,156300,230.099
17,156350,-23.412
17,156400,112.834
17,156450,138.383
17,156500,191.228
17,156550,739.335
17,156600,83.0
17,156650,184.152
17,156700,758.863
17,156750,175.874
17,156800,247.462
17,156850,200.634
17,156900,197.73
17,156950,369.757
17,157000,162.814
17,157050,512.247
17,157100,275.993
17,157150,-10.113
17,157200,156.114
17,157250,122.299
17,157300,363.453
17,157350,134.476
17,157400,360.471
17,157450,-38.737
17,157500,206.201
17,157550,534.623
17,157600,3633.958
17,157650,141.021
17,157700,108.337
17,157750,46.562
17,157800,1965.526
17,157850,256.311
17,157900,459.225
17,157950,175.143
17,158000,156.273
17,158050,547.85
17,158100,187.591
17,158150,514.803
17,158200,1343.892
17,158250,13.671
17,158300,964.549
17,158350,1013.215
17,158400,489.054
17,158450,277.189
17,158500,491.347
17,158550,224.333
17,158600,133.858
17,158650,31.761
17,158700,102.315
17,158750,196.175
17,158800,223.424
17,158850,150.359
17,158900,286.085
17,158950,-17.288
17,159000,611.377
17,159050,1308.845
17,159100,214.336
17,159150,152.104
17,159200,369.79
17,159250,388.499
17,159300,306.349
17,159350,51.559
17,159400,688.493
17,159450,-44.107
17,159500,373.777
17,159550,328.487
17,159600,832.618
17,159650,39.958
17,159700,-26.297
17,159750,486.865
17,159800,377.011
18,164544,248.667
18,164550,6.715
18,164600,300.58
18,164650,310.96
18,164700,230.316
18,164750,257.508
18,164800,523.242
18,164850,103.282
18,164900,76.621
18,164950,41.352
18,165000,-7.329
18,165050,96.403
18,165100,350.544
18,165150,190.523
18,165200,246.246
18,165250,-99.618
18,165300,577.893
18,165350,208.85
18,165400,422.878
18,165450,20.726
18,165500,151.88
18,165550,79.154
18,165600,155.316
18,165650,512.491
18,165700,339.787
18,165750,401.071
18,165800,73.161
18,165850,31.893
18,165900,87.271
18,165950,57.343
18,166000,245.931
18,166050,246.526
18,166100,217.421
18,166150,180.777
18,166200,215.561
18,166250,299.434
18,166300,225.492
18,166350,196.114
18,166400,176.495
18,166450,197.196
18,166500,-14.159
18,166550,351.04
18,166600,116.777
18,166650,313.825
18,166700,77.703
18,166750,1610.301
18,166800,31.092
18,166850,-105.904
18,166900,320.691
18,166950,-107.514
18,167000,-54.496
18,167050,348.09
18,167100,3112.76
18,167150,107.169
18,167200,456.267
18,167250,342.917
18,167300,394.396
18,167350,-45.181
18,167400,56.27
18,167450,418.395
18,167500,69.571
18,167550,-20.848
18,167600,395.635
18,167650,1699.416
18,167700,7.311
18,167750,38.584
18,167800,229.152
18,167850,106.447
18,167900,331.73
18,167950,-45.988
18,168000,20.204
18,168050,-12.806
18,168100,379.759
18,168150,521.118
18,168200,102.368
18,168250,305.732
18,168300,28.67
18,168350,253.655
18,168400,99.793
18,168450,528.611
18,168500,181.412
18,168550,-95.386
18,168600,233.923
18,168650,2.93
18,168700,455.592
18,168750,274.673
18,168800,-83.524
18,168850,588.93
18,168900,167.815
18,168950,1030.051
18,169000,36.26
18,169050,127.658
18,169100,168.981
18,169150,297.906
18,169200,7.964
18,169250,112.285
18,169300,417.568
18,169350,577.067
18,169400,119.837
18,169450,43.317
19,174223,1819.642
19,174250,44.923
19,174300,6.705
19,174350,209.167
19,174400,-14.318
19,174450,16.789
19,174500,76.036
19,174550,211.131
19,174600,-116.489
19,174650,264.549
19,174700,249.266
19,174750,985.3
19,174800,164.88
19,174850,-57.399
19,174900,243.821
19,174950,613.736
19,175000,238.419
19,175050,490.687
19,175100,321.695
19,175150,-6.767
19,175200,330.471
19,175250,73.896
19,175300,31.47
19,175350,269.329
19,175400,26.495
19,175450,481.242
19,175500,-55.448
19,175550,437.655
19,175600,132.17
19,175650,107.353
19,175700,168.898
19,175750,274.605
19,175800,150.262
19,175850,529.471
19,175900,244.904
19,175950,402.548
19,176000,623.955
19,176050,376.185
19,176100,-65.864
19,176150,497.474
19,176200,-105.078
19,176250,185.871
19,176300,641.692
19,176350,78.637
19,176400,770.056
19,176450,11.801
19,176500,130.036
19,176550,-9.27
19,176600,119.836
19,176650,280.918
19,176700,263.362
19,176750,292.187
19,176800,193.843
19,176850,114.035
19,176900,93.702
19,176950,610.945
19,177000,600.25
19,177050,230.687
19,177100,661.716
19,177150,-44.286
19,177200,310.605
19,177250,193.068
19,177300,367.299
19,177350,422.912
19,177400,88.557
19,177450,282.693
19,177500,157.641
19,177550,34.154
19,177600,23.745
19,177650,152.147
19,177700,-108.762
19,177750,160.471
19,177800,7.958
19,177850,292.752
19,177900,155.082
19,177950,69.632
19,178000,295.076
19,178050,-33.801
19,178100,150.184
19,178150,-17.07
19,178200,156.986
19,178250,355.663
19,178300,184.735
19,178350,312.31
19,178400,504.07
19,178450,239.305
19,178500,239.504
19,178550,122.824
19,178600,-66.404
19,178650,640.828
19,178700,544.907
19,178750,212.317
19,178800,658.939
19,178850,-114.346
19,178900,280.35
19,178950,482.366
19,179000,278.415
19,179050,157.295
19,179100,336.678
19,179150,597.887
20,183902,441.62
20,183950,69.222
20,184000,107.986
20,184050,36.237
20,184100,33.097
20,184150,311.101
20,184200,236.427
20,184250,69.281
20,184300,526.181
20,184350,345.825
20,184400,352.91
20,184450,-70.7
20,184500,310.461
20,184550,55.842
20,184600,235.667
20,184650,427.836
20,184700,-76.02
20,184750,348.874
20,184800,195.682
20,184850,378.911
20,184900,666.481
20,184950,165.552
20,185000,253.543
20,185050,278.319
20,185100,212.252
20,185150,-93.319
20,185200,213.363
20,185250,314.755
20,185300,89.813
20,185350,450.748
20,185400,186.451
20,185450,186.325
20,185500,410.859
20,185550,275.847
20,185600,1004.68
20,185650,232.133
20,185700,393.368
20,185750,1177.466
20,185800,178.073
20,185850,-99.92
20,185900,294.314
20,185950,105.998
20,186000,157.826
20,186050,243.106
20,186100,193.031
20,186150,493.671
20,186200,122.051
20,186250,518.857
20,186300,30.986
20,186350,358.384
20,186400,428.417
20,186450,264.051
20,186500,242.399
20,186550,-85.444
20,186600,-21.422
20,186650,555.511
20,186700,316.529
20,186750,274.857
20,186800,-63.35
20,186850,162.39
20,186900,200.925
20,186950,250.945
20,187000,252.607
20,187050,16.019
20,187100,-143.371
20,187150,654.182
20,187200,16.312
20,187250,101.69
20,187300,55.228
20,187350,369.625
20,187400,274.174
20,187450,222.102
20,187500,-0.178
20,187550,-27.18
20,187600,167.733
20,187650,264.884
20,187700,39.965
20,187750,138.892
20,187800,14.13
20,187850,222.337
20,187900,17.09
20,187950,309.451
20,188000,248.021
20,188050,708.265
20,188100,238.975
20,188150,62.818
20,188200,622.513
20,188250,75.483
20,188300,102.161
20,188350,275.142
20,188400,274.38
20,188450,512.127
20,188500,563.813
20,188550,106.51
20,188600,725.595
20,188650,423.113
20,188700,189.548
20,188750,173.003
20,188800,79.549
20,188850,415.436
21,193581,204.449
21,193600,180.141
21,193650,-75.614
21,193700,196.029
21,193750,167.516
21,193800,516.137
21,193850,173.741
21,193900,210.487
21,193950,13.528
21,194000,723.684
21,194050,92.299
21,194100,-4.176
21,194150,344.402
21,194200,187.297
21,194250,405.202
21,194300,122.066
21,194350,838.257
21,194400,92.628
21,194450,1011.912
21,194500,117.575
21,194550,411.812
21,194600,301.028
21,194650,120.679
21,194700,349.976
21,194750,187.859
21,194800,258.238
21,194850,-102.322
21,194900,846.41
21,194950,286.248
21,195000,24.356
21,195050,573.232
21,195100,30.295
21,195150,-114.011
21,195200,103.847
21,195250,422.496
21,195300,319.744
21,195350,34.825
21,195400,294.324
21,195450,143.654
21,195500,164.068
21,195550,164.256
21,195600,1206.105
21,195650,387.795
21,195700,478.367
21,195750,226.017
21,195800,306.227
21,195850,163.239
21,195900,372.992
21,195950,161.44
21,196000,193.494
21,196050,101.966
21,196100,370.133
21,196150,170.169
21,196200,59.957
21,196250,563.008
21,196300,-0.538
21,196350,707.338
21,196400,73.492
21,196450,239.441
21,196500,366.686
21,196550,535.687
21,196600,349.516
21,196650,123.825
21,196700,71.985
21,196750,882.195
21,196800,218.253
21,196850,332.946
21,196900,243.22
21,196950,79.076
21,197000,992.539
21,197050,78.155
21,197100,50.954
21,197150,104.328
21,197200,-89.666
21,197250,378.241
21,197300,-58.977
21,197350,-15.835
21,197400,50.982
21,197450,131.263
21,197500,332.965
21,197550,105.587
21,197600,-8.343
21,197650,149.81
21,197700,242.078
21,197750,280.073
21,197800,-23.209
21,197850,651.862
21,197900,68.638
21,197950,477.469
21,198000,475.971
21,198050,122.79
21,198100,461.105
21,198150,46.299
21,198200,289.625
21,198250,605.512
21,198300,213.922
21,198350,619.311
21,198400,366.781
21,198450,71.087
21,198500,392.905
22,203260,54.811
22,203300,785.458
22,203350,501.876
22,203400,588.898
22,203450,123.398
22,203500,189.74
22,203550,-68.066
22,203600,-116.198
22,203650,236.869
22,203700,474.972
22,203750,464.622
22,203800,557.318
22,203850,344.003
22,203900,133.803
22,203950,197.606
22,204000,163.715
22,204050,368.334
22,204100,132.5
22,204150,144.518
22,204200,213.342
22,204250,185.443
22,204300,-31.002
22,204350,176.502
22,204400,332.045
22,204450,604.621
22,204500,461.962
22,204550,248.235
22,204600,330.851
22,204650,103.532
22,204700,83.084
22,204750,454.239
22,204800,134.529
22,204850,138.209
22,204900,420.083
22,204950,77.247
22,205000,170.369
22,205050,346.542
22,205100,-167.842
22,205150,246.908
22,205200,100.463
22,205250,999.548
22,205300,274.428
22,205350,89.135
22,205400,-25.217
22,205450,411.746
22,205500,296.912
22,205550,291.639
22,205600,851.624
22,205650,1183.984
22,205700,185.895
22,205750,32.298
22,205800,-0.762
22,205850,422.343
22,205900,-30.068
22,205950,215.222
22,206000,273.461
22,206050,183.168
22,206100,53.639
22,206150,293.404
22,206200,115.1
22,206250,253.236
22,206300,163.177
22,206350,103.504
22,206400,201.84
22,206450,274.63
22,206500,152.273
22,206550,166.579
22,206600,213.834
22,206650,529.237
22,206700,132.652
22,206750,341.765
22,206800,379.595
22,206850,398.91
22,206900,-13.278
22,206950,416.305
22,207000,328.075
22,207050,-43.402
22,207100,103.775
22,207150,-76.081
22,207200,46.793
22,207250,523.472
22,207300,13.227
22,207350,325.632
22,207400,186.534
22,207450,31.023
22,207500,535.142
22,207550,-23.827
22,207600,167.987
22,207650,69.905
22,207700,21.346
22,207750,287.13
22,207800,532.039
22,207850,65.857
22,207900,126.826
22,207950,499.966
22,208000,54.214
22,208050,402.449
22,208100,461.555
22,208150,151.39
22,208200,60.884
23,212939,455.67
23,212950,232.099
23,213000,575.942
23,213050,73.708
23,213100,143.536
23,213150,-84.937
23,213200,123.197
23,213250,-65.34
23,213300,354.585
23,213350,223.506
23,213400,175.452
23,213450,157.529
23,213500,202.124
23,213550,277.423
23,213600,-15.934
23,213650,45.457
23,213700,54.793
23,213750,151.874
23,213800,176.66
23,213850,218.305
23,213900,302.511
23,213950,254.064
23,214000,-120.732
23,214050,45.918
23,214100,191.056
23,214150,274.086
23,214200,58.508
23,214250,116.56
23,214300,536.023
23,214350,189.055
23,214400,350.466
23,214450,30.039
23,214500,203.2
23,214550,-113.571
23,214600,-55.833
23,214650,154.474
23,214700,134.088
23,214750,259.656
23,214800,239.028
23,214850,7.232
23,214900,-8.003
23,214950,-145.849
23,215000,-130.47
23,215050,-40.208
23,215100,-123.306
23,215150,73.735
23,215200,89.392
23,215250,-14.199
23,215300,-6.708
23,215350,176.346
23,215400,346.009
23,215450,473.469
23,215500,-86.991
23,215550,38.651
23,215600,489.302
23,215650,257.28
23,215700,367.947
23,215750,800.454
23,215800,169.47
23,215850,-26.734
23,215900,113.665
23,215950,406.665
23,216000,338.933
23,216050,45.392
23,216100,155.146
23,216150,141.071
23,216200,24.45
23,216250,364.526
23,216300,201.085
23,216350,-41.344
23,216400,241.868
23,216450,31.095
23,216500,200.096
23,216550,178.214
23,216600,192.095
23,216650,117.644
23,216700,137.789
23,216750,28.661
23,216800,234.106
23,216850,251.883
23,216900,230.54
23,216950,240.899
23,217000,77.922
23,217050,-19.39
23,217100,153.564
23,217150,170.903
23,217200,225.392
23,217250,397.469
23,217300,390.88
23,217350,103.622
23,217400,459.059
23,217450,433.603
23,217500,257.566
23,217550,-64.457
23,217600,-149.958
23,217650,123.944
23,217700,230.263
23,217750,569.784
23,217800,290.097
23,217850,388.518
24,222618,175.696
24,222650,198.203
24,222700,-2.174
24,222750,271.407
24,222800,679.376
24,222850,57.686
24,222900,175.29
24,222950,223.353
24,223000,113.811
24,223050,221.571
24,223100,48.184
24,223150,378.85
24,223200,-9.847
24,223250,24.29
24,223300,198.91
24,223350,157.262
24,223400,110.522
24,223450,309.629
24,223500,207.358
24,223550,-92.7
24,223600,149.487
24,223650,-28.922
24,223700,22.373
24,223750,114.393
24,223800,204.646
24,223850,111.775
24,223900,163.104
24,223950,335.431
24,224000,148.904
24,224050,531.45
24,224100,-36.117
24,224150,184.428
24,224200,304.732
24,224250,423.2
24,224300,-45.719
24,224350,84.835
24,224400,-16.488
24,224450,7035.102
24,224500,300.14
24,224550,125.962
24,224600,90.808
24,224650,530.737
24,224700,100.95
24,224750,139.637
24,224800,182.875
24,224850,510.03
24,224900,279.478
24,224950,384.857
24,225000,486.708
24,225050,137.1
24,225100,483.439
24,225150,1885.878
24,225200,1027.434
24,225250,177.957
24,225300,160.323
24,225350,521.279
24,225400,303.876
24,225450,665.519
24,225500,211.91
24,225550,134.005
24,225600,228.591
24,225650,509.827
24,225700,320.473
24,225750,52.353
24,225800,95.126
24,225850,-67.944
24,225900,222.58
24,225950,21.929
24,226000,357.519
24,226050,51.284
24,226100,695.51
24,226150,52.766
24,226200,550.261
24,226250,23.186
24,226300,280.695
24,226350,28.232
24,226400,286.294
24,226450,182.891
24,226500,204.533
24,226550,93.308
24,226600,222.413
24,226650,292.511
24,226700,68.719
24,226750,229.934
24,226800,225.268
24,226850,-79.807
24,226900,-50.312
24,226950,98.1
24,227000,-83.979
24,227050,-40.263
24,227100,83.218
24,227150,254.999
24,227200,-10.903
24,227250,-135.282
24,227300,782.896
24,227350,3.768
24,227400,633.293
24,227450,353.796
24,227500,234.751
24,227550,146.408
25,232297,-26.818
25,232300,369.761
25,232350,436.044
25,232400,341.034
25,232450,328.088
25,232500,377.642
25,232550,-172.793
25,232600,237.041
25,232650,143.118
25,232700,165.696
25,232750,101.783
25,232800,103.594
25,232850,-40.25
25,232900,255.795
25,232950,215.511
25,233000,-64.048
25,233050,-87.018
25,233100,60.379
25,233150,59.138
25,233200,146.467
25,233250,314.127
25,233300,5.994
25,233350,955.917
25,233400,-52.751
25,233450,97.94
25,233500,34.182
25,233550,135.036
25,233600,60.801
25,233650,56.436
25,233700,37.881
25,233750,68.374
25,233800,131.77
25,233850,-31.98
25,233900,96.29
25,233950,125.844
25,234000,187.774
25,234050,-42.76
25,234100,123.12
25,234150,117.836
25,234200,176.596
25,234250,-73.757
25,234300,56.226
25,234350,685.86
25,234400,98.974
25,234450,-60.901
25,234500,-30.044
25,234550,58.604
25,234600,115.173
25,234650,118.672
25,234700,-51.065
25,234750,3309.445
25,234800,361.05
25,234850,27.674
25,234900,163.503
25,234950,200.814
25,235000,17.539
25,235050,145.284
25,235100,216.442
25,235150,230.902
25,235200,221.446
25,235250,686.884
25,235300,78.428
25,235350,460.437
25,235400,88.443
25,235450,2283.18
25,235500,341.251
25,235550,85.822
25,235600,309.135
25,235650,5342.197
25,235700,244.911
25,235750,-34.493
25,235800,441.612
25,235850,263.756
25,235900,131.454
25,235950,38.889
25,236000,-23.298
25,236050,-41.458
25,236100,-54.014
25,236150,192.887
25,236200,58.528
25,236250,127.915
25,236300,74.062
25,236350,355.194
25,236400,305.204
25,236450,62.625
25,236500,257.993
25,236550,188.573
25,236600,188.251
25,236650,335.105
25,236700,43.729
25,236750,299.301
25,236800,98.622
25,236850,124.945
25,236900,185.986
25,236950,468.689
25,237000,380.384
25,237050,156.902
25,237100,250.201
25,237150,809.08
25,237200,3428.44
26,241976,128.138
26,242000,119.172
26,242050,66.775
26,242100,342.382
26,242150,-124.764
26,242200,6021.826
26,242250,-72.732
26,242300,281.613
26,242350,-79.985
26,242400,133.902
26,242450,-60.332
26,242500,125.37
26,242550,-6.297
26,242600,116.437
26,242650,151.809
26,242700,659.701
26,242750,-132.87
26,242800,145.782
26,242850,82.588
26,242900,154.658
26,242950,126.711
26,243000,21.807
26,243050,186.304
26,243100,62.27
26,243150,670.526
26,243200,172.515
26,243250,126.081
26,243300,-131.09
26,243350,-158.168
26,243400,172.897
26,243450,237.46
26,243500,267.654
26,243550,1742.032
26,243600,166.672
26,243650,503.43
26,243700,136.34
26,243750,353.123
26,243800,8.217
26,243850,-91.076
26,243900,96.901
26,243950,178.253
26,244000,369.89
26,244050,-68.965
26,244100,95.359
26,244150,125.9
26,244200,42.196
26,244250,60.86
26,244300,52.179
26,244350,260.007
26,244400,323.175
26,244450,80.721
26,244500,-95.815
26,244550,351.932
26,244600,0.682
26,244650,67.745
26,244700,50.895
26,244750,237.088
26,244800,108.512
26,244850,-66.82
26,244900,150.734
26,244950,92.002
26,245000,362.75
26,245050,181.368
26,245100,221.872
26,245150,174.223
26,245200,-176.41
26,245250,85.362
26,245300,-71.487
26,245350,-116.0
26,245400,260.369
26,245450,-88.833
26,245500,16.718
26,245550,165.799
26,245600,457.546
26,245650,-147.957
26,245700,175.842
26,245750,62.007
26,245800,221.668
26,245850,153.01
26,245900,-161.477
26,245950,120.986
26,246000,81.461
26,246050,169.211
26,246100,23.767
26,246150,390.369
26,246200,-13.951
26,246250,209.808
26,246300,82.899
26,246350,190.78
26,246400,-123.452
26,246450,69.698
26,246500,58.151
26,246550,304.628
26,246600,429.091
26,246650,55.487
26,246700,-132.96
26,246750,224.325
26,246800,149.422
26,246850,38.859
26,246900,166.86
27,251655,-85.355
27,251700,66.28
27,251750,44.136
27,251800,365.379
27,251850,126.622
27,251900,154.574
27,251950,43.316
27,252000,216.4
27,252050,33.067
27,252100,98.915
27,252150,143.856
27,252200,112.394
27,252250,121.629
27,252300,134.159
27,252350,219.892
27,252400,1685.757
27,252450,212.165
27,252500,139.581
27,252550,3.765
27,252600,-118.282
27,252650,247.73
27,252700,264.833
27,252750,-46.115
27,252800,-51.252
27,252850,11.301
27,252900,145.274
27,252950,-117.377
27,253000,187.129
27,253050,-103.356
27,253100,107.347
27,253150,4.393
27,253200,70.222
27,253250,-60.244
27,253300,372.181
27,253350,-173.591
27,253400,146.033
27,253450,-89.325
27,253500,149.237
27,253550,124.357
27,253600,149.87
27,253650,98.182
27,253700,16.141
27,253750,21.801
27,253800,39.483
27,253850,468.034
27,253900,429.246
27,253950,204.931
27,254000,-1.447
27,254050,142.795
27,254100,-83.735
27,254150,-56.495
27,254200,-126.781
27,254250,797.197
27,254300,201.73
27,254350,41.805
27,254400,145.65
27,254450,-54.277
27,254500,151.669
27,254550,225.993
27,254600,-37.006
27,254650,390.367
27,254700,116.883
27,254750,249.798
27,254800,305.824
27,254850,79.971
27,254900,94.884
27,254950,262.5
27,255000,369.17
27,255050,137.827
27,255100,48.431
27,255150,-26.888
27,255200,284.057
27,255250,160.267
27,255300,12.255
27,255350,308.779
27,255400,40.75
27,255450,-26.246
27,255500,1426.308
27,255550,-219.076
27,255600,130.667
27,255650,283.043
27,255700,164.296
27,255750,107.676
27,255800,-82.943
27,255850,-97.419
27,255900,-3.309
27,255950,45.616
27,256000,4821.396
27,256050,212.047
27,256100,25.993
27,256150,215.432
27,256200,306.176
27,256250,265.277
27,256300,-242.095
27,256350,47.195
27,256400,-113.739
27,256450,58.349
27,256500,179.669
27,256550,86.357
27,256600,378.623
28,261334,120.223
28,261350,168.402
28,261400,-97.665
28,261450,223.765
28,261500,-65.738
28,261550,386.933
28,261600,-42.752
28,261650,68.277
28,261700,566.694
28,261750,257.843
28,261800,598.289
28,261850,288.465
28,261900,-136.355
28,261950,-36.127
28,262000,23.641
28,262050,154.197
28,262100,66.652
28,262150,39.476
28,262200,149.294
28,262250,193.444
28,262300,42.283
28,262350,139.845
28,262400,295.208
28,262450,272.598
28,262500,26.913
28,262550,110.703
28,262600,588.652
28,262650,223.386
28,262700,92.338
28,262750,-103.336
28,262800,-141.521
28,262850,118.691
28,262900,197.829
28,262950,141.611
28,263000,42.632
28,263050,123.964
28,263100,-6.882
28,263150,592.73
28,263200,-84.078
28,263250,18.278
28,263300,524.219
28,263350,819.819
28,263400,137.429
28,263450,169.453
28,263500,-54.44
28,263550,133.874
28,263600,-54.585
28,263650,26.408
28,263700,-21.847
28,263750,1.752
28,263800,-53.138
28,263850,-165.993
28,263900,89.651
28,263950,288.011
28,264000,143.232
28,264050,188.162
28,264100,157.065
28,264150,97.679
28,264200,78.763
28,264250,51.307
28,264300,130.309
28,264350,239.225
28,264400,10.639
28,264450,-34.537
28,264500,-4.93
28,264550,-135.237
28,264600,-42.429
28,264650,-28.436
28,264700,223.756
28,264750,186.007
28,264800,90.451
28,264850,170.202
28,264900,374.37
28,264950,-156.752
28,265000,260.198
28,265050,50.313
28,265100,32.711
28,265150,132.592
28,265200,-62.652
28,265250,285.426
28,265300,-34.728
28,265350,141.157
28,265400,-106.149
28,265450,93.029
28,265500,146.027
28,265550,112.709
28,265600,367.226
28,265650,24.564
28,265700,119.172
28,265750,135.425
28,265800,-103.587
28,265850,-81.088
28,265900,127.819
28,265950,-79.698
28,266000,252.048
28,266050,-113.137
28,266100,-71.211
28,266150,150.854
28,266200,239.074
28,266250,27.28
29,271013,638.864
29,271050,295.644
29,271100,246.895
29,271150,63.306
29,271200,186.022
29,271250,283.178
29,271300,-4.681
29,271350,18.347
29,271400,316.785
29,271450,248.818
29,271500,538.586
29,271550,84.084
29,271600,369.673
29,271650,843.538
29,271700,646.699
29,271750,155.503
29,271800,-12.048
29,271850,35.433
29,271900,372.699
29,271950,85.991
29,272000,226.741
29,272050,225.501
29,272100,59.5
29,272150,97.931
29,272200,76.406
29,272250,-35.841
29,272300,-43.324
29,272350,-0.303
29,272400,166.889
29,272450,123.555
29,272500,-11.076
29,272550,323.147
29,272600,311.164
29,272650,326.272
29,272700,204.506
29,272750,-0.031
29,272800,152.459
29,272850,-89.863
29,272900,140.417
29,272950,199.08
29,273000,74.186
29,273050,-131.612
29,273100,95.907
29,273150,394.964
29,273200,201.176
29,273250,71.28
29,273300,229.07
29,273350,296.758
29,273400,75.104
29,273450,166.972
29,273500,-5.918
29,273550,77.358
29,273600,-40.992
29,273650,72.723
29,273700,-131.012
29,273750,64.197
29,273800,0.022
29,273850,681.684
29,273900,-151.006
29,273950,153.944
29,274000,-140.381
29,274050,220.714
29,274100,355.424
29,274150,75.349
29,274200,373.743
29,274250,362.407
29,274300,287.21
29,274350,325.273
29,274400,-90.555
29,274450,125.263
29,274500,218.565
29,274550,145.512
29,274600,291.104
29,274650,195.15
29,274700,202.89
29,274750,661.551
29,274800,49.448
29,274850,-0.379
29,274900,399.994
29,274950,271.132
29,275000,57.8
29,275050,307.161
29,275100,198.034
29,275150,-147.835
29,275200,641.888
29,275250,572.918
29,275300,146.433
29,275350,251.867
29,275400,535.078
29,275450,127.955
29,275500,378.016
29,275550,847.032
29,275600,134.236
29,275650,33.81
29,275700,559.657
29,275750,97.584
29,275800,-47.381
29,275850,66.792
29,275900,-99.498
29,275950,202.878
